1.000000
0.050000
0.000000
0.000000
0.000000
0.000000
0.000000
0.000000
0.000000
0.000000
0.000000
0.000000
0.000000
1.000000
0.000000
0.000000
0.000000
0.000000
0.000000
0.000000
0.000000
0.000000
0.000000
0.000000
0.000000
0.000000
1.000000
0.050000
0.000000
0.000000
0.000000
0.000000
0.000000
0.000000
0.000000
0.000000
0.000000
0.000000
0.000000
1.000000
0.000000
0.000000
0.000000
0.000000
0.000000
0.000000
0.000000
0.000000
0.000000
0.000000
0.000000
0.000000
1.000000
0.050000
0.000000
0.000000
0.000000
0.000000
0.000000
0.000000
0.000000
0.000000
0.000000
0.000000
0.000000
1.000000
0.000000
0.000000
0.000000
0.000000
0.000000
0.000000
0.000000
0.000000
0.000000
0.000000
0.000000
0.000000
1.000000
0.050000
0.000000
0.000000
0.000000
0.000000
0.000000
0.000000
0.000000
0.000000
0.000000
0.000000
0.000000
1.000000
0.000000
0.000000
0.000000
0.000000
0.000000
0.000000
0.000000
0.000000
0.000000
0.000000
0.000000
0.000000
1.000000
0.050000
0.000000
0.000000
0.000000
0.000000
0.000000
0.000000
0.000000
0.000000
0.000000
0.000000
0.000000
1.000000
0.000000
0.000000
0.000000
0.000000
0.000000
0.000000
0.000000
0.000000
0.000000
0.000000
0.000000
0.000000
1.000000
0.050000
0.000000
0.000000
0.000000
0.000000
0.000000
0.000000
0.000000
0.000000
0.000000
0.000000
0.000000
1.000000

0.000000
0.000000
0.000000
0.000000
0.000000
0.000000
0.015662
0.015662
0.015662
0.015662
0.000000
0.000000
0.000000
0.000000
0.000000
0.000000
0.000000
0.000000
0.005700
-0.005700
-0.005700
0.005700
-0.016489
0.016489
0.000000
0.000000
0.000000
0.000000
0.000000
0.000000
0.000000
0.000000
0.000000
0.000000
-0.002425
-0.002425
0.000000
0.000000
0.000000
0.000000
0.000000
0.000000
0.079107
0.079107
-0.079107
-0.079107
0.000000
0.000000
0.000000
0.000000
0.000000
0.000000
0.000000
0.000000
0.003762
-0.003762
0.003762
-0.003762
0.006092
-0.027858
0.000000
0.000000
0.000000
0.000000
0.000000
0.000000
0.101483
-0.101483
0.101483
-0.101483
-0.109712
0.109712

10.582200
4.321000
2.284100
2.998600
-6.673400
-13.340200
1.208600
0.828500
2.541000
3.423200
0.561900
0.272400
10.582200
4.321000
-2.284100
-2.998600
6.673400
13.340200
1.208600
0.828500
-2.541000
-3.423200
-0.561900
-0.272400
10.582200
4.321000
-6.719200
-5.212400
2.940000
6.022700
-1.208600
-0.828500
-0.908900
-1.472500
0.938100
0.578100
10.582200
4.321000
6.719200
5.212400
-2.940000
-6.022700
-1.208600
-0.828500
0.908900
1.472500
-0.938100
-0.578100
-0.000000
-0.000000
-9.523700
-4.327000
-20.536100
-27.796700
0.000000
0.000000
-0.126300
0.650600
-0.699600
-0.291600
-0.000000
-0.000000
6.480900
2.201800
-13.792900
-14.443400
-0.000000
-0.000000
-3.475100
-2.987300
0.717800
0.312200
