1.000000
0.050000
0.000000
0.000000
0.000000
0.000000
0.000000
0.000000
0.000000
0.000000
0.000000
0.000000
0.000000
1.000000
0.000000
0.000000
0.000000
0.000000
0.000000
0.000000
0.000000
0.000000
0.000000
0.000000
0.000000
0.000000
1.000000
0.050000
0.000000
0.000000
0.000000
0.000000
0.000000
0.000000
0.000000
0.000000
0.000000
0.000000
0.000000
1.000000
0.000000
0.000000
0.000000
0.000000
0.000000
0.000000
0.000000
0.000000
0.000000
0.000000
0.000000
0.000000
1.000000
0.050000
0.000000
0.000000
0.000000
0.000000
0.000000
0.000000
0.000000
0.000000
0.000000
0.000000
0.000000
1.000000
0.000000
0.000000
0.000000
0.000000
0.000000
0.000000
0.000000
0.000000
0.000000
0.000000
0.000000
0.000000
1.000000
0.050000
0.000000
0.000000
0.000000
0.000000
0.000000
0.000000
0.000000
0.000000
0.000000
0.000000
0.000000
1.000000
0.000000
0.000000
0.000000
0.000000
0.000000
0.000000
0.000000
0.000000
0.000000
0.000000
0.000000
0.000000
1.000000
0.050000
0.000000
0.000000
0.000000
0.000000
0.000000
0.000000
0.000000
0.000000
0.000000
0.000000
0.000000
1.000000
0.000000
0.000000
0.000000
0.000000
0.000000
0.000000
0.000000
0.000000
0.000000
0.000000
0.000000
0.000000
1.000000
0.050000
0.000000
0.000000
0.000000
0.000000
0.000000
0.000000
0.000000
0.000000
0.000000
0.000000
0.000000
1.000000

0.000000
0.000000
0.000000
0.000000
0.000000
0.000000
0.012364
0.012364
0.012364
0.012364
0.000000
0.000000
0.000000
0.000000
0.000000
0.000000
0.000000
0.000000
0.004500
-0.004500
-0.004500
0.004500
-0.013018
0.013018
0.000000
0.000000
0.000000
0.000000
0.000000
0.000000
0.000000
0.000000
0.000000
0.000000
-0.001914
-0.001914
0.000000
0.000000
0.000000
0.000000
0.000000
0.000000
0.079107
0.079107
-0.079107
-0.079107
0.000000
0.000000
0.000000
0.000000
0.000000
0.000000
0.000000
0.000000
0.003762
-0.003762
0.003762
-0.003762
0.006092
-0.027858
0.000000
0.000000
0.000000
0.000000
0.000000
0.000000
0.101483
-0.101483
0.101483
-0.101483
-0.109712
0.109712

9.942000
4.724800
1.363500
2.591900
-4.454700
-11.766300
0.652700
0.713300
1.193500
2.347000
0.281200
0.209900
-1.988300
-0.298100
0.194800
-0.267400
-0.304800
-0.134700
9.942000
4.724800
-1.363500
-2.591900
4.454700
11.766300
0.652700
0.713300
-1.193500
-2.347000
-0.281200
-0.209900
-1.988300
0.298100
-0.194800
-0.267400
0.304800
0.134700
9.942000
4.724800
-4.292400
-4.634000
1.896100
5.210900
-0.652700
-0.713300
-0.458300
-1.005400
0.459200
0.424100
-1.988300
1.213000
-0.082500
0.267400
0.094500
-0.199200
9.942000
4.724800
4.292400
4.634000
-1.896100
-5.210900
-0.652700
-0.713300
0.458300
1.005400
-0.459200
-0.424100
-1.988300
-1.213000
0.082500
0.267400
-0.094500
0.199200
-0.000000
-0.000000
-6.447600
-3.889100
-13.703800
-22.470300
-0.000000
-0.000000
-0.001100
0.540100
-0.359200
-0.240800
0.000000
2.133800
0.630800
0.000000
0.062600
0.187800
-0.000000
-0.000000
4.890500
2.167700
-8.862100
-10.209700
0.000000
0.000000
-1.468600
-2.015900
0.369500
0.255900
0.000000
-1.740000
0.417900
-0.000000
0.519400
-0.189700
