1.000000
0.020000
0.000000
0.000000
0.000000
0.000000
0.000000
0.000000
0.000000
0.000000
0.000000
0.000000
0.000000
0.933333
0.000000
0.000000
0.000000
0.000000
0.000000
0.000000
0.000000
0.000000
0.000000
0.000000
0.000000
0.000000
1.000000
0.020000
0.000000
0.000000
0.000000
0.000000
0.000000
0.000000
0.000000
0.000000
0.000000
0.000000
0.000000
0.933333
0.000000
0.000000
0.000000
0.000000
0.000000
0.000000
0.000000
0.000000
0.000000
0.000000
0.000000
0.000000
1.000000
0.020000
0.000000
0.000000
0.000000
0.000000
0.000000
0.000000
0.000000
0.000000
0.000000
0.000000
0.000000
0.933333
0.000000
0.000000
0.000000
0.000000
0.000000
0.000000
0.000000
0.000000
0.000000
0.000000
0.000000
0.000000
1.000000
0.020000
0.000000
0.000000
0.000000
0.000000
0.000000
0.000000
0.000000
0.000000
0.000000
0.000000
0.000000
-0.256637
0.000000
0.000000
0.000000
0.000000
0.000000
0.000000
0.000000
0.000000
0.000000
0.000000
0.000000
0.000000
1.000000
0.020000
0.000000
0.000000
0.000000
0.000000
0.000000
0.000000
0.000000
0.000000
0.000000
0.000000
0.000000
-0.077117
0.000000
0.000000
0.000000
0.000000
0.000000
0.000000
0.000000
0.000000
0.000000
0.000000
0.000000
0.000000
1.000000
0.020000
0.000000
0.000000
0.000000
0.000000
0.000000
0.000000
0.000000
0.000000
0.000000
0.000000
0.000000
-0.077117

0.000000
0.000000
0.000000
0.000000
0.000000
0.000000
0.006265
0.006265
0.006265
0.006265
0.000000
0.000000
0.000000
0.000000
0.000000
0.000000
0.000000
0.000000
0.002280
-0.002280
-0.002280
0.002280
-0.000908
0.000908
0.000000
0.000000
0.000000
0.000000
0.000000
0.000000
0.000000
0.000000
0.000000
0.000000
0.006605
0.006605
0.000000
0.000000
0.000000
0.000000
0.000000
0.000000
0.020673
0.020673
-0.020673
-0.020673
0.000000
0.000000
0.000000
0.000000
0.000000
0.000000
0.000000
0.000000
0.003225
-0.003225
0.003225
-0.003225
-0.069217
0.066648
0.000000
0.000000
0.000000
0.000000
0.000000
0.000000
0.083013
-0.083013
0.083013
-0.083013
0.000000
-0.000000

23.978400
4.264600
48.013200
9.698800
-0.017900
-0.004800
3.081200
-0.798100
-0.399500
-0.009600
4.361200
-0.111800
23.978400
4.264600
-48.013200
-9.698800
0.017900
0.004800
3.081200
-0.798100
0.399500
0.009600
-4.361200
0.111800
23.978400
4.264600
-48.085800
-9.712400
0.027800
0.006600
-3.081200
0.798100
0.416800
-0.000100
4.300000
-0.112800
23.978400
4.264600
48.085800
9.712400
-0.027800
-0.006600
-3.081200
0.798100
-0.416800
0.000100
-4.300000
0.112800
-0.000000
0.000000
-3.142600
-0.623700
33.953200
6.830900
0.000000
0.000000
-2.082700
0.149100
0.175100
-0.002900
-0.000000
-0.000000
3.171000
0.628300
34.389400
6.921600
-0.000000
-0.000000
2.081500
-0.142700
-0.174300
0.002700
