1.000000
0.050000
0.000000
0.000000
0.000000
0.000000
0.000000
0.000000
0.000000
0.000000
0.000000
0.000000
0.000000
<<<<<<< HEAD:Android_Torpedo/android_apps-kinetic/teleop/src/main/res/raw/test.txt
1.000000
=======
0.933333
>>>>>>> f72e222d74b3e89e91c040eb28d8333111f83338:Android_Torpedo/android_apps-kinetic/teleop/src/main/res/raw/rough_controller_2.txt
0.000000
0.000000
0.000000
0.000000
0.000000
0.000000
0.000000
0.000000
0.000000
0.000000
0.000000
0.000000
1.000000
0.050000
0.000000
0.000000
0.000000
0.000000
0.000000
0.000000
0.000000
0.000000
0.000000
0.000000
0.000000
<<<<<<< HEAD:Android_Torpedo/android_apps-kinetic/teleop/src/main/res/raw/test.txt
1.000000
=======
0.933333
>>>>>>> f72e222d74b3e89e91c040eb28d8333111f83338:Android_Torpedo/android_apps-kinetic/teleop/src/main/res/raw/rough_controller_2.txt
0.000000
0.000000
0.000000
0.000000
0.000000
0.000000
0.000000
0.000000
0.000000
0.000000
0.000000
0.000000
1.000000
0.050000
0.000000
0.000000
0.000000
0.000000
0.000000
0.000000
0.000000
0.000000
0.000000
0.000000
0.000000
<<<<<<< HEAD:Android_Torpedo/android_apps-kinetic/teleop/src/main/res/raw/test.txt
1.000000
=======
0.933333
>>>>>>> f72e222d74b3e89e91c040eb28d8333111f83338:Android_Torpedo/android_apps-kinetic/teleop/src/main/res/raw/rough_controller_2.txt
0.000000
0.000000
0.000000
0.000000
0.000000
0.000000
0.000000
0.000000
0.000000
0.000000
0.000000
0.000000
1.000000
0.050000
0.000000
0.000000
0.000000
0.000000
0.000000
0.000000
0.000000
0.000000
0.000000
0.000000
0.000000
<<<<<<< HEAD:Android_Torpedo/android_apps-kinetic/teleop/src/main/res/raw/test.txt
1.000000
=======
-0.256637
>>>>>>> f72e222d74b3e89e91c040eb28d8333111f83338:Android_Torpedo/android_apps-kinetic/teleop/src/main/res/raw/rough_controller_2.txt
0.000000
0.000000
0.000000
0.000000
0.000000
0.000000
0.000000
0.000000
0.000000
0.000000
0.000000
0.000000
1.000000
0.050000
0.000000
0.000000
0.000000
0.000000
0.000000
0.000000
0.000000
0.000000
0.000000
0.000000
0.000000
<<<<<<< HEAD:Android_Torpedo/android_apps-kinetic/teleop/src/main/res/raw/test.txt
1.000000
=======
-0.077117
>>>>>>> f72e222d74b3e89e91c040eb28d8333111f83338:Android_Torpedo/android_apps-kinetic/teleop/src/main/res/raw/rough_controller_2.txt
0.000000
0.000000
0.000000
0.000000
0.000000
0.000000
0.000000
0.000000
0.000000
0.000000
0.000000
0.000000
1.000000
0.050000
0.000000
0.000000
0.000000
0.000000
0.000000
0.000000
0.000000
0.000000
0.000000
0.000000
0.000000
<<<<<<< HEAD:Android_Torpedo/android_apps-kinetic/teleop/src/main/res/raw/test.txt
1.000000
=======
-0.077117
>>>>>>> f72e222d74b3e89e91c040eb28d8333111f83338:Android_Torpedo/android_apps-kinetic/teleop/src/main/res/raw/rough_controller_2.txt

0.000000
0.000000
0.000000
0.000000
0.000000
0.000000
<<<<<<< HEAD:Android_Torpedo/android_apps-kinetic/teleop/src/main/res/raw/test.txt
0.015662
0.015662
0.015662
0.015662
=======
0.006265
0.006265
0.006265
0.006265
>>>>>>> f72e222d74b3e89e91c040eb28d8333111f83338:Android_Torpedo/android_apps-kinetic/teleop/src/main/res/raw/rough_controller_2.txt
0.000000
0.000000
0.000000
0.000000
0.000000
0.000000
0.000000
0.000000
<<<<<<< HEAD:Android_Torpedo/android_apps-kinetic/teleop/src/main/res/raw/test.txt
0.005700
-0.005700
-0.005700
0.005700
-0.016489
0.016489
=======
0.002280
-0.002280
-0.002280
0.002280
-0.000908
0.000908
>>>>>>> f72e222d74b3e89e91c040eb28d8333111f83338:Android_Torpedo/android_apps-kinetic/teleop/src/main/res/raw/rough_controller_2.txt
0.000000
0.000000
0.000000
0.000000
0.000000
0.000000
0.000000
0.000000
0.000000
0.000000
<<<<<<< HEAD:Android_Torpedo/android_apps-kinetic/teleop/src/main/res/raw/test.txt
-0.002425
-0.002425
=======
0.006605
0.006605
>>>>>>> f72e222d74b3e89e91c040eb28d8333111f83338:Android_Torpedo/android_apps-kinetic/teleop/src/main/res/raw/rough_controller_2.txt
0.000000
0.000000
0.000000
0.000000
0.000000
0.000000
0.079107
0.079107
-0.079107
-0.079107
0.000000
0.000000
0.000000
0.000000
0.000000
0.000000
0.000000
0.000000
0.003762
-0.003762
0.003762
-0.003762
0.006092
-0.027858
0.000000
0.000000
0.000000
0.000000
0.000000
0.000000
0.101483
-0.101483
0.101483
-0.101483
-0.109712
0.109712

<<<<<<< HEAD:Android_Torpedo/android_apps-kinetic/teleop/src/main/res/raw/test.txt
8.822200
3.980000
1.725500
2.931600
-7.172700
-13.777100
1.139600
0.966800
3.653700
3.934300
0.950500
0.750100
8.822200
3.980000
-1.725500
-2.931600
7.172700
13.777100
1.139600
0.966800
-3.653700
-3.934300
-0.950500
-0.750100
8.822200
3.980000
-4.859200
-4.584000
2.198000
5.281400
-1.139600
-0.966800
0.298300
-0.996200
1.152800
1.020800
8.822200
3.980000
4.859200
4.584000
-2.198000
-5.281400
-1.139600
-0.966800
-0.298300
0.996200
-1.152800
-1.020800
0.000000
0.000000
-5.344700
-3.041500
-19.791600
-27.907100
-0.000000
=======
23.978400
4.264600
48.013200
9.698800
-0.017900
-0.004800
3.081200
-0.798100
-0.399500
-0.009600
4.361200
-0.111800
23.978400
4.264600
-48.013200
-9.698800
0.017900
0.004800
3.081200
-0.798100
0.399500
0.009600
-4.361200
0.111800
23.978400
4.264600
-48.085800
-9.712400
0.027800
0.006600
-3.081200
0.798100
0.416800
-0.000100
4.300000
-0.112800
23.978400
4.264600
48.085800
9.712400
-0.027800
-0.006600
-3.081200
0.798100
-0.416800
0.000100
-4.300000
0.112800
-0.000000
0.000000
-3.142600
-0.623700
33.953200
6.830900
0.000000
0.000000
-2.082700
0.149100
0.175100
-0.002900
>>>>>>> f72e222d74b3e89e91c040eb28d8333111f83338:Android_Torpedo/android_apps-kinetic/teleop/src/main/res/raw/rough_controller_2.txt
-0.000000
-0.245600
0.696000
-1.729000
-1.309000
-0.000000
<<<<<<< HEAD:Android_Torpedo/android_apps-kinetic/teleop/src/main/res/raw/test.txt
-0.000000
1.840500
0.497700
-10.506100
-12.134700
0.000000
0.000000
-8.347500
-4.924700
1.648800
1.252200
=======
3.171000
0.628300
34.389400
6.921600
-0.000000
-0.000000
2.081500
-0.142700
-0.174300
0.002700
>>>>>>> f72e222d74b3e89e91c040eb28d8333111f83338:Android_Torpedo/android_apps-kinetic/teleop/src/main/res/raw/rough_controller_2.txt
